(* Content-type: application/mathematica *)

(*** Wolfram Notebook File ***)
(* http://www.wolfram.com/nb *)

(* CreatedBy='Mathematica 7.0' *)

(*CacheID: 234*)
(* Internal cache information:
NotebookFileLineBreakTest
NotebookFileLineBreakTest
NotebookDataPosition[       145,          7]
NotebookDataLength[    397655,       7390]
NotebookOptionsPosition[    396046,       7338]
NotebookOutlinePosition[    396568,       7357]
CellTagsIndexPosition[    396525,       7354]
WindowFrame->Normal*)

(* Beginning of Notebook Content *)
Notebook[{

Cell[CellGroupData[{
Cell[BoxData[
 RowBox[{"\[IndentingNewLine]", 
  RowBox[{
   RowBox[{
    RowBox[{
     RowBox[{"(", 
      RowBox[{"MatrixForm", "[", 
       RowBox[{"SparseArray", "[", "#", "]"}], "]"}], ")"}], "&"}], "/@", 
    RowBox[{"{", "\[IndentingNewLine]", 
     RowBox[{
      RowBox[{"{", 
       RowBox[{
        RowBox[{
         RowBox[{"{", 
          RowBox[{"12", ",", "1"}], "}"}], "\[Rule]", "0"}], ",", 
        RowBox[{
         RowBox[{"{", 
          RowBox[{"1", ",", "1"}], "}"}], "\[Rule]", "1"}]}], "}"}], ",", 
      "\[IndentingNewLine]", 
      RowBox[{"{", 
       RowBox[{
        RowBox[{
         RowBox[{"{", 
          RowBox[{"12", ",", "1"}], "}"}], "\[Rule]", "0"}], ",", 
        RowBox[{
         RowBox[{"{", 
          RowBox[{"2", ",", "1"}], "}"}], "\[Rule]", "1"}]}], "}"}], ",", 
      "\[IndentingNewLine]", 
      RowBox[{"{", 
       RowBox[{
        RowBox[{
         RowBox[{"{", 
          RowBox[{"12", ",", "1"}], "}"}], "\[Rule]", "0"}], ",", 
        RowBox[{
         RowBox[{"{", 
          RowBox[{"2", ",", "1"}], "}"}], "\[Rule]", 
         RowBox[{"1", "/", 
          RowBox[{"Sqrt", "[", "2", "]"}]}]}], ",", 
        RowBox[{
         RowBox[{"{", 
          RowBox[{"3", ",", "1"}], "}"}], "\[Rule]", 
         RowBox[{"1", "/", 
          RowBox[{"Sqrt", "[", "2", "]"}]}]}]}], "}"}], ",", 
      "\[IndentingNewLine]", 
      RowBox[{"{", 
       RowBox[{
        RowBox[{
         RowBox[{"{", 
          RowBox[{"12", ",", "1"}], "}"}], "\[Rule]", "0"}], ",", 
        RowBox[{
         RowBox[{"{", 
          RowBox[{"1", ",", "1"}], "}"}], "\[Rule]", 
         RowBox[{"1", "/", 
          RowBox[{"Sqrt", "[", "3", "]"}]}]}], ",", 
        RowBox[{
         RowBox[{"{", 
          RowBox[{"2", ",", "1"}], "}"}], "\[Rule]", 
         RowBox[{"1", "/", 
          RowBox[{"Sqrt", "[", "3", "]"}]}]}], ",", 
        RowBox[{
         RowBox[{"{", 
          RowBox[{"3", ",", "1"}], "}"}], "\[Rule]", 
         RowBox[{"1", "/", 
          RowBox[{"Sqrt", "[", "3", "]"}]}]}]}], "}"}], ",", 
      "\[IndentingNewLine]", 
      RowBox[{"{", 
       RowBox[{
        RowBox[{
         RowBox[{"{", 
          RowBox[{"12", ",", "1"}], "}"}], "\[Rule]", "0"}], ",", 
        RowBox[{
         RowBox[{"{", 
          RowBox[{"1", ",", "1"}], "}"}], "\[Rule]", 
         RowBox[{"1", "/", 
          RowBox[{"Sqrt", "[", "2", "]"}]}]}], ",", 
        RowBox[{
         RowBox[{"{", 
          RowBox[{"2", ",", "1"}], "}"}], "\[Rule]", 
         RowBox[{"1", "/", 
          RowBox[{"Sqrt", "[", "4", "]"}]}]}], ",", 
        RowBox[{
         RowBox[{"{", 
          RowBox[{"3", ",", "1"}], "}"}], "\[Rule]", 
         RowBox[{"1", "/", 
          RowBox[{"Sqrt", "[", "4", "]"}]}]}]}], "}"}]}], 
     "\[IndentingNewLine]", "}"}]}], "\[IndentingNewLine]"}]}]], "Input",
 CellChangeTimes->{{3.501415405365557*^9, 3.5014154829260716`*^9}, {
   3.5014155166283336`*^9, 3.5014155697519736`*^9}, 3.501841713475518*^9}],

Cell[BoxData[
 FormBox[
  RowBox[{"{", 
   RowBox[{
    TagBox[
     RowBox[{"(", "\[NoBreak]", GridBox[{
        {"1"},
        {"0"},
        {"0"},
        {"0"},
        {"0"},
        {"0"},
        {"0"},
        {"0"},
        {"0"},
        {"0"},
        {"0"},
        {"0"}
       },
       GridBoxAlignment->{
        "Columns" -> {{Center}}, "ColumnsIndexed" -> {}, 
         "Rows" -> {{Baseline}}, "RowsIndexed" -> {}},
       GridBoxSpacings->{"Columns" -> {
           Offset[0.27999999999999997`], {
            Offset[0.7]}, 
           Offset[0.27999999999999997`]}, "ColumnsIndexed" -> {}, "Rows" -> {
           Offset[0.2], {
            Offset[0.4]}, 
           Offset[0.2]}, "RowsIndexed" -> {}}], "\[NoBreak]", ")"}],
     Function[BoxForm`e$, 
      MatrixForm[
      SparseArray[
       Automatic, {12, 1}, 0, {
        1, {{0, 1, 1, 1, 1, 1, 1, 1, 1, 1, 1, 1, 1}, {{1}}}, {1}}]]]], ",", 
    TagBox[
     RowBox[{"(", "\[NoBreak]", GridBox[{
        {"0"},
        {"1"},
        {"0"},
        {"0"},
        {"0"},
        {"0"},
        {"0"},
        {"0"},
        {"0"},
        {"0"},
        {"0"},
        {"0"}
       },
       GridBoxAlignment->{
        "Columns" -> {{Center}}, "ColumnsIndexed" -> {}, 
         "Rows" -> {{Baseline}}, "RowsIndexed" -> {}},
       GridBoxSpacings->{"Columns" -> {
           Offset[0.27999999999999997`], {
            Offset[0.7]}, 
           Offset[0.27999999999999997`]}, "ColumnsIndexed" -> {}, "Rows" -> {
           Offset[0.2], {
            Offset[0.4]}, 
           Offset[0.2]}, "RowsIndexed" -> {}}], "\[NoBreak]", ")"}],
     Function[BoxForm`e$, 
      MatrixForm[
      SparseArray[
       Automatic, {12, 1}, 0, {
        1, {{0, 0, 1, 1, 1, 1, 1, 1, 1, 1, 1, 1, 1}, {{1}}}, {1}}]]]], ",", 
    TagBox[
     RowBox[{"(", "\[NoBreak]", GridBox[{
        {"0"},
        {
         FractionBox["1", 
          SqrtBox["2"]]},
        {
         FractionBox["1", 
          SqrtBox["2"]]},
        {"0"},
        {"0"},
        {"0"},
        {"0"},
        {"0"},
        {"0"},
        {"0"},
        {"0"},
        {"0"}
       },
       GridBoxAlignment->{
        "Columns" -> {{Center}}, "ColumnsIndexed" -> {}, 
         "Rows" -> {{Baseline}}, "RowsIndexed" -> {}},
       GridBoxSpacings->{"Columns" -> {
           Offset[0.27999999999999997`], {
            Offset[0.7]}, 
           Offset[0.27999999999999997`]}, "ColumnsIndexed" -> {}, "Rows" -> {
           Offset[0.2], {
            Offset[0.4]}, 
           Offset[0.2]}, "RowsIndexed" -> {}}], "\[NoBreak]", ")"}],
     Function[BoxForm`e$, 
      MatrixForm[
      SparseArray[
       Automatic, {12, 1}, 0, {
        1, {{0, 0, 1, 2, 2, 2, 2, 2, 2, 2, 2, 2, 2}, {{1}, {1}}}, {
         2^Rational[-1, 2], 2^Rational[-1, 2]}}]]]], ",", 
    TagBox[
     RowBox[{"(", "\[NoBreak]", GridBox[{
        {
         FractionBox["1", 
          SqrtBox["3"]]},
        {
         FractionBox["1", 
          SqrtBox["3"]]},
        {
         FractionBox["1", 
          SqrtBox["3"]]},
        {"0"},
        {"0"},
        {"0"},
        {"0"},
        {"0"},
        {"0"},
        {"0"},
        {"0"},
        {"0"}
       },
       GridBoxAlignment->{
        "Columns" -> {{Center}}, "ColumnsIndexed" -> {}, 
         "Rows" -> {{Baseline}}, "RowsIndexed" -> {}},
       GridBoxSpacings->{"Columns" -> {
           Offset[0.27999999999999997`], {
            Offset[0.7]}, 
           Offset[0.27999999999999997`]}, "ColumnsIndexed" -> {}, "Rows" -> {
           Offset[0.2], {
            Offset[0.4]}, 
           Offset[0.2]}, "RowsIndexed" -> {}}], "\[NoBreak]", ")"}],
     Function[BoxForm`e$, 
      MatrixForm[
      SparseArray[
       Automatic, {12, 1}, 0, {
        1, {{0, 1, 2, 3, 3, 3, 3, 3, 3, 3, 3, 3, 3}, {{1}, {1}, {1}}}, {
         3^Rational[-1, 2], 3^Rational[-1, 2], 3^Rational[-1, 2]}}]]]], ",", 
    TagBox[
     RowBox[{"(", "\[NoBreak]", GridBox[{
        {
         FractionBox["1", 
          SqrtBox["2"]]},
        {
         FractionBox["1", "2"]},
        {
         FractionBox["1", "2"]},
        {"0"},
        {"0"},
        {"0"},
        {"0"},
        {"0"},
        {"0"},
        {"0"},
        {"0"},
        {"0"}
       },
       GridBoxAlignment->{
        "Columns" -> {{Center}}, "ColumnsIndexed" -> {}, 
         "Rows" -> {{Baseline}}, "RowsIndexed" -> {}},
       GridBoxSpacings->{"Columns" -> {
           Offset[0.27999999999999997`], {
            Offset[0.7]}, 
           Offset[0.27999999999999997`]}, "ColumnsIndexed" -> {}, "Rows" -> {
           Offset[0.2], {
            Offset[0.4]}, 
           Offset[0.2]}, "RowsIndexed" -> {}}], "\[NoBreak]", ")"}],
     Function[BoxForm`e$, 
      MatrixForm[
      SparseArray[
       Automatic, {12, 1}, 0, {
        1, {{0, 1, 2, 3, 3, 3, 3, 3, 3, 3, 3, 3, 3}, {{1}, {1}, {1}}}, {
         2^Rational[-1, 2], Rational[1, 2], Rational[1, 2]}}]]]]}], "}"}], 
  TraditionalForm]], "Output",
 CellChangeTimes->{{3.501415551143075*^9, 3.501415571330058*^9}, 
   3.501420417627865*^9, 3.501841715725461*^9, 3.5018425700473394`*^9}]
}, Open  ]],

Cell[BoxData[
 FormBox[
  RowBox[{
   RowBox[{"Recent", "=", 
    RowBox[{"{", 
     RowBox[{
      TagBox[
       RowBox[{"(", "\[NoBreak]", GridBox[{
          {"0.3056487493563898`", "0.19414884742469785`", 
           "0.30605355579421445`", "0.19414884742469785`"},
          {"0.3056320100048757`", "0.19416571444616912`", 
           "0.306036561102786`", "0.19416571444616912`"},
          {"0.3056500807546762`", "0.1941704375348595`", 
           "0.30600904417560487`", "0.1941704375348595`"},
          {"0.30570391818315157`", "0.19415973601349065`", 
           "0.3059766097898671`", "0.19415973601349065`"},
          {"0.3057964463008703`", "0.19414427175094787`", 
           "0.30591501019723394`", "0.19414427175094787`"},
          {"0.3058779359223434`", "0.19411189019265715`", 
           "0.3058982836923423`", "0.19411189019265715`"},
          {"0.3058924348902718`", "0.1941234231259743`", 
           "0.3058607188577796`", "0.1941234231259743`"},
          {"0.305842400482305`", "0.19417601015580052`", "0.305805579206094`",
            "0.19417601015580052`"},
          {"0.3058704389396276`", "0.19417254649891072`", 
           "0.30578446806255083`", "0.19417254649891072`"},
          {"0.3059039110497854`", "0.19416803887549663`", 
           "0.30576001119922136`", "0.19416803887549663`"},
          {"0.3059828411793293`", "0.19414172371588895`", 
           "0.3057337113888928`", "0.19414172371588895`"},
          {"0.30605977335487317`", "0.19411934162710887`", 
           "0.3057015433909091`", "0.19411934162710887`"},
          {"0.3060362913311278`", "0.19413945179356434`", 
           "0.3056848050817435`", "0.19413945179356434`"},
          {"0.306019416581205`", "0.19414465386004623`", 
           "0.3056912756987025`", "0.19414465386004623`"},
          {"0.3060057791655695`", "0.19415671056664305`", 
           "0.30568079970114437`", "0.19415671056664305`"},
          {"0.3059832505235479`", "0.19417353749459365`", 
           "0.3056696744872649`", "0.19417353749459365`"},
          {"0.3059292397187825`", "0.1941725782822924`", 
           "0.3057256037166327`", "0.1941725782822924`"},
          {"0.3058981227271423`", "0.19413356594031658`", 
           "0.3058347453922247`", "0.19413356594031658`"},
          {"0.30584039468636676`", "0.1941172171253037`", 
           "0.3059251710630258`", "0.1941172171253037`"},
          {"0.3057980745641693`", "0.19413012231184038`", 
           "0.30594168081214995`", "0.19413012231184038`"},
          {"0.3057839793111637`", "0.194152609239401`", "0.3059108022100343`",
            "0.194152609239401`"},
          {"0.3057482181999491`", "0.19419022025477453`", 
           "0.30587134129050175`", "0.19419022025477453`"},
          {"0.3057460803320129`", "0.1941625185355018`", 
           "0.30592888259698353`", "0.1941625185355018`"},
          {"0.30576329611108427`", "0.19413835992617187`", 
           "0.305959984036572`", "0.19413835992617187`"},
          {"0.30577983227608463`", "0.19413704687523867`", 
           "0.30594607397343804`", "0.19413704687523867`"},
          {"0.30577743395233387`", "0.1941271974884566`", 
           "0.30596817107075286`", "0.1941271974884566`"},
          {"0.3057684094678441`", "0.19414155279118492`", 
           "0.30594848494978605`", "0.19414155279118492`"},
          {"0.30575656450886846`", "0.19415698920165525`", 
           "0.30592945708782104`", "0.19415698920165525`"},
          {"0.3057497020731989`", "0.1941746979632265`", 
           "0.30590090200034803`", "0.1941746979632265`"},
          {"0.305782661051051`", "0.19416920222229667`", 
           "0.3058789345043557`", "0.19416920222229667`"},
          {"0.30585556380674367`", "0.1941464388034067`", 
           "0.3058515585864429`", "0.1941464388034067`"},
          {"0.3059289198399547`", "0.19411298458278312`", 
           "0.30584511099447903`", "0.19411298458278312`"},
          {"0.3059536250961153`", "0.19412076196168088`", 
           "0.30580485098052296`", "0.19412076196168088`"},
          {"0.30592085310959116`", "0.1941664828376538`", 
           "0.30574618121510116`", "0.1941664828376538`"},
          {"0.3058972757657305`", "0.1941704794943506`", 
           "0.3057617652455683`", "0.1941704794943506`"},
          {"0.30587140200360535`", "0.19417154033538148`", 
           "0.3057855173256317`", "0.19417154033538148`"},
          {"0.30588785094252063`", "0.1941470906777764`", 
           "0.30581796770192665`", "0.1941470906777764`"},
          {"0.30588844525420034`", "0.19412912127102167`", 
           "0.3058533122037563`", "0.19412912127102167`"},
          {"0.305844536912687`", "0.19413628981779146`", 
           "0.30588288345173015`", "0.19413628981779146`"},
          {"0.30584757937477164`", "0.1941326992481944`", 
           "0.3058870221288395`", "0.1941326992481944`"},
          {"0.3058339906529141`", "0.19415368542483033`", 
           "0.30585863849742523`", "0.19415368542483033`"},
          {"0.30581917180698903`", "0.19417455977903414`", 
           "0.3058317086349427`", "0.19417455977903414`"},
          {"0.30581041643744833`", "0.1941776025514873`", 
           "0.305834378459577`", "0.1941776025514873`"},
          {"0.3058380727737204`", "0.194142065042566`", "0.3058777971411476`",
            "0.194142065042566`"},
          {"0.30585669906647345`", "0.19411692036000225`", 
           "0.3059094602135221`", "0.19411692036000225`"},
          {"0.30584515880236784`", "0.19412515303566769`", 
           "0.3059045351262968`", "0.19412515303566769`"},
          {"0.305819635001415`", "0.19414948341101695`", 
           "0.3058813981765511`", "0.19414948341101695`"},
          {"0.3057855703223841`", "0.19418248897754353`", 
           "0.30584945172252886`", "0.19418248897754353`"},
          {"0.305831648129769`", "0.19416335703119728`", 
           "0.3058416378078365`", "0.19416335703119728`"},
          {"0.3059017533839974`", "0.19415060270535134`", "0.3057970412053`", 
           "0.19415060270535134`"},
          {"0.3059456766884267`", "0.19414113905013253`", 
           "0.30577204521130813`", "0.19414113905013253`"},
          {"0.3059600915908518`", "0.1941258243302559`", 
           "0.3057882597486364`", "0.1941258243302559`"},
          {"0.3059639341516306`", "0.19413526144473486`", 
           "0.3057655429588997`", "0.19413526144473486`"},
          {"0.3059561147942617`", "0.1941469937306285`", 
           "0.30574989774448136`", "0.1941469937306285`"},
          {"0.30591125838803185`", "0.19417693865838948`", 
           "0.3057348642951892`", "0.19417693865838948`"},
          {"0.3058793450308544`", "0.1941770088796826`", 
           "0.30576663720978037`", "0.1941770088796826`"},
          {"0.30586696816471787`", "0.19414890365894577`", 
           "0.30583522451739054`", "0.19414890365894577`"},
          {"0.3058602640840846`", "0.19411699470102609`", 
           "0.3059057465138632`", "0.19411699470102609`"},
          {"0.3058439047336297`", "0.1941200842772373`", 
           "0.30591592671189577`", "0.1941200842772373`"},
          {"0.30580843373398653`", "0.1941561637709219`", 
           "0.3058792387241697`", "0.1941561637709219`"},
          {"0.3057774049971682`", "0.19416651381586605`", 
           "0.30588956737109974`", "0.19416651381586605`"},
          {"0.30574579762705323`", "0.19417308568898053`", 
           "0.30590803099498576`", "0.19417308568898053`"},
          {"0.30574362326956706`", "0.1941521776097072`", 
           "0.30595202151101847`", "0.1941521776097072`"},
          {"0.305715783372681`", "0.1941405540147631`", 
           "0.30600310859779284`", "0.1941405540147631`"},
          {"0.3057089091856632`", "0.19413479578691106`", 
           "0.30602149924051475`", "0.19413479578691106`"},
          {"0.30574663474415975`", "0.1941218767792442`", 
           "0.30600961169735175`", "0.1941218767792442`"},
          {"0.3057203833110261`", "0.1941502867569436`", 
           "0.30597904317508673`", "0.1941502867569436`"},
          {"0.3057029900347899`", "0.1941730950999843`", 
           "0.3059508197652416`", "0.1941730950999843`"},
          {"0.30573712590206215`", "0.19418061495556121`", 
           "0.3059016441868155`", "0.19418061495556121`"},
          {"0.3058419788954698`", "0.19415112485906683`", 
           "0.3058557713863965`", "0.19415112485906683`"},
          {"0.3059505645649822`", "0.19411890168111093`", 
           "0.30581163207279594`", "0.19411890168111093`"},
          {"0.305994472430138`", "0.19412239517569307`", 
           "0.3057607372184759`", "0.19412239517569307`"},
          {"0.3059720368322136`", "0.19414630057027957`", 
           "0.3057353620272273`", "0.19414630057027957`"},
          {"0.30594332213567826`", "0.19417251093099275`", 
           "0.30571165600233624`", "0.19417251093099275`"},
          {"0.3059879950900331`", "0.19416247166494907`", 
           "0.30568706158006864`", "0.19416247166494907`"},
          {"0.3060188703526468`", "0.19416239476830058`", 
           "0.3056563401107521`", "0.19416239476830058`"},
          {"0.30601771262784705`", "0.19414609856223417`", 
           "0.30569009024768456`", "0.19414609856223417`"},
          {"0.30601256178277253`", "0.19412653729720106`", 
           "0.30573436362282536`", "0.19412653729720106`"},
          {"0.3059989223940661`", "0.194130415380582`", 
           "0.30574024684476986`", "0.194130415380582`"},
          {"0.3059790992507904`", "0.19413660832783608`", 
           "0.3057476840935375`", "0.19413660832783608`"},
          {"0.30592860689805074`", "0.19417707765780165`", 
           "0.305717237786346`", "0.19417707765780165`"},
          {"0.30587958054426906`", "0.19418249156252476`", 
           "0.3057554363306815`", "0.19418249156252476`"},
          {"0.30583638473524144`", "0.19415140587038096`", 
           "0.30586080352399675`", "0.19415140587038096`"},
          {"0.30578039270998253`", "0.19412349597360062`", 
           "0.30597261534281617`", "0.19412349597360062`"},
          {"0.30573051179804356`", "0.19412151025217994`", 
           "0.3060264676975966`", "0.19412151025217994`"},
          {"0.3056834876595861`", "0.19414597864243666`", 
           "0.30602455505554055`", "0.19414597864243666`"},
          {"0.3056617062778939`", "0.19416094341501855`", 
           "0.30601640689206905`", "0.19416094341501855`"},
          {"0.30564936512417823`", "0.1941725303938568`", 
           "0.30600557408810825`", "0.1941725303938568`"},
          {"0.3056595514771782`", "0.19415657714121481`", 
           "0.30602729424039216`", "0.19415657714121481`"},
          {"0.3056738229223048`", "0.19415272986573343`", 
           "0.3060207173462284`", "0.19415272986573343`"},
          {"0.3057485799278972`", "0.19413502375676014`", 
           "0.30598137255858243`", "0.19413502375676014`"},
          {"0.30583018250311594`", "0.1941130426723878`", 
           "0.30594373215210846`", "0.1941130426723878`"},
          {"0.30579779936279167`", "0.19414682597019903`", 
           "0.3059085486968103`", "0.19414682597019903`"},
          {"0.3057752997530482`", "0.19416935989685252`", 
           "0.30588598045324683`", "0.19416935989685252`"},
          {"0.305790013069005`", "0.19418140095123942`", 
           "0.30584718502851627`", "0.19418140095123942`"},
          {"0.30587733773077075`", "0.19415986257391873`", 
           "0.30580293712139184`", "0.19415986257391873`"},
          {"0.3059764209941766`", "0.19412297564667277`", 
           "0.3057776277124778`", "0.19412297564667277`"},
          {"0.30602109182433335`", "0.19412211332992674`", 
           "0.3057346815158131`", "0.19412211332992674`"},
          {"0.3060090762787496`", "0.1941433704057016`", 
           "0.30570418290984724`", "0.1941433704057016`"},
          {"0.3059991813347844`", "0.19416110784721854`", 
           "0.30567860297077853`", "0.19416110784721854`"},
          {"0.3060238583489805`", "0.19415989599718558`", 
           "0.30565634965664834`", "0.19415989599718558`"},
          {"0.305991957188376`", "0.19417280849840474`", 
           "0.3056624258148146`", "0.19417280849840474`"},
          {"0.3059618981029543`", "0.19415152415871778`", 
           "0.30573505357961017`", "0.19415152415871778`"},
          {"0.3059345062114585`", "0.19412923280809036`", 
           "0.3058070281723607`", "0.19412923280809036`"},
          {"0.30589113815978114`", "0.19412733217785427`", 
           "0.30585419748451037`", "0.19412733217785427`"},
          {"0.30584889233835877`", "0.1941267543184449`", 
           "0.3058975990247514`", "0.1941267543184449`"},
          {"0.3058067275108605`", "0.19417520960749707`", 
           "0.3058428532741454`", "0.19417520960749707`"},
          {"0.3057928334272134`", "0.1941851766286072`", 
           "0.30583681331557216`", "0.1941851766286072`"},
          {"0.3058059191553892`", "0.1941536832260008`", 
           "0.3058867143926092`", "0.1941536832260008`"},
          {"0.3057997633160336`", "0.1941318715822847`", 
           "0.3059364935193969`", "0.1941318715822847`"},
          {"0.30578851005785496`", "0.19412498452481594`", 
           "0.30596152089251316`", "0.19412498452481594`"},
          {"0.3057662222190532`", "0.19413681439908567`", 
           "0.30596014898277546`", "0.19413681439908567`"},
          {"0.30574767830569877`", "0.19415419024225342`", 
           "0.30594394120979446`", "0.19415419024225342`"},
          {"0.30573550614149825`", "0.19416992236432687`", 
           "0.3059246491298481`", "0.19416992236432687`"},
          {"0.3057318344777435`", "0.19415995740324077`", 
           "0.30594825071577497`", "0.19415995740324077`"},
          {"0.3057651672787319`", "0.19416467507996224`", 
           "0.3059054825613437`", "0.19416467507996224`"},
          {"0.3058572963224064`", "0.1941368651710378`", 
           "0.30586897333551805`", "0.1941368651710378`"},
          {"0.30593419160922497`", "0.1941068830295775`", 
           "0.30585204233162006`", "0.1941068830295775`"},
          {"0.30590714984237405`", "0.19414362962992399`", 
           "0.30580559089777803`", "0.19414362962992399`"},
          {"0.3059006487229919`", "0.1941637594244526`", 
           "0.30577183242810296`", "0.1941637594244526`"},
          {"0.30587534704526115`", "0.1941799216216009`", 
           "0.30576480971153713`", "0.1941799216216009`"},
          {"0.30587374285949803`", "0.19416743412168014`", 
           "0.30579138889714164`", "0.19416743412168014`"},
          {"0.3058887219299106`", "0.19412879636065988`", 
           "0.3058536853487696`", "0.19412879636065988`"},
          {"0.30587107507471917`", "0.19412435945500547`", 
           "0.3058802060152699`", "0.19412435945500547`"},
          {"0.3058523923939599`", "0.1941409636746468`", 
           "0.3058656802567465`", "0.1941409636746468`"},
          {"0.30584973790650166`", "0.1941492052857775`", 
           "0.3058518515219433`", "0.1941492052857775`"},
          {"0.30585678836290586`", "0.19415582390884256`", 
           "0.30583156381940896`", "0.19415582390884256`"},
          {"0.3058117584283235`", "0.19418105316308062`", 
           "0.30582613524551533`", "0.19418105316308062`"},
          {"0.30583907446102443`", "0.19415696708085523`", 
           "0.3058469913772651`", "0.19415696708085523`"},
          {"0.3058539608783071`", "0.19413362786882168`", 
           "0.3058787833840495`", "0.19413362786882168`"},
          {"0.30583615644176576`", "0.19412618257685169`", 
           "0.30591147840453087`", "0.19412618257685169`"},
          {"0.30581230196797327`", "0.19411831332868257`", 
           "0.3059510713746616`", "0.19411831332868257`"},
          {"0.305763957858381`", "0.194171592238744`", "0.305892857664131`", 
           "0.194171592238744`"},
          {"0.30576935876576583`", "0.19418482035327658`", 
           "0.30586100052768095`", "0.19418482035327658`"},
          {"0.30583369819583034`", "0.19415549748624936`", 
           "0.30585530683167095`", "0.19415549748624936`"},
          {"0.3059010470837021`", "0.19414136768816415`", 
           "0.30581621753996957`", "0.19414136768816415`"},
          {"0.30595100849441925`", "0.1941302793092507`", 
           "0.30578843288707935`", "0.1941302793092507`"},
          {"0.30597769588747914`", "0.1941294429030331`", 
           "0.30576341830645454`", "0.1941294429030331`"},
          {"0.3059603480633471`", "0.19414677014806522`", 
           "0.3057461116405224`", "0.19414677014806522`"},
          {"0.305940711951249`", "0.19416549737069483`", 
           "0.3057282933073613`", "0.19416549737069483`"},
          {"0.3059112656926262`", "0.19416208660126288`", 
           "0.305764561104848`", "0.19416208660126288`"},
          {"0.3058960922885311`", "0.1941754336629309`", 
           "0.3057530403856072`", "0.1941754336629309`"},
          {"0.3059036746499687`", "0.19414006252927188`", 
           "0.3058162002914875`", "0.19414006252927188`"},
          {"0.30590293318078254`", "0.19410385982376022`", 
           "0.3058893471716969`", "0.19410385982376022`"},
          {"0.3058644189254992`", "0.19414100976710896`", 
           "0.30585356154028287`", "0.19414100976710896`"},
          {"0.3058700301962408`", "0.1941568477419239`", 
           "0.30581627431991143`", "0.1941568477419239`"},
          {"0.30583764219441856`", "0.19417631585522002`", 
           "0.3058097260951414`", "0.19417631585522002`"},
          {"0.30578501926497964`", "0.1941731096311366`", 
           "0.3058687614727472`", "0.1941731096311366`"},
          {"0.305766398356677`", "0.1941358884177119`", 
           "0.30596182480789924`", "0.1941358884177119`"},
          {"0.30571779021022527`", "0.19412896730238804`", 
           "0.30602427518499864`", "0.19412896730238804`"},
          {"0.30569950995886674`", "0.1941392889890326`", 
           "0.30602191206306806`", "0.1941392889890326`"},
          {"0.3056926777139762`", "0.19413775576898584`", 
           "0.30603181074805214`", "0.19413775576898584`"},
          {"0.3056778242786347`", "0.1941505925824982`", 
           "0.30602099055636894`", "0.1941505925824982`"},
          {"0.3056464301860908`", "0.1941865377976972`", 
           "0.30598049421851486`", "0.1941865377976972`"},
          {"0.30574365852982754`", "0.1941619679691284`", 
           "0.3059324055319157`", "0.1941619679691284`"},
          {"0.3058325943237842`", "0.19413928877258854`", 
           "0.3058888281310388`", "0.19413928877258854`"},
          {"0.3058930449235151`", "0.19412698039221862`", 
           "0.30585299429204765`", "0.19412698039221862`"},
          {"0.3059440595944086`", "0.194112050189074`", 
           "0.30583184002744346`", "0.194112050189074`"},
          {"0.3058886389611787`", "0.19416661937415056`", 
           "0.30577812229052026`", "0.19416661937415056`"},
          {"0.3058796889882225`", "0.1941814287530681`", 
           "0.3057574535056413`", "0.1941814287530681`"},
          {"0.30592768845728124`", "0.19415665764229764`", 
           "0.30575899625812347`", "0.19415665764229764`"},
          {"0.30598984747682934`", "0.19415115892177917`", 
           "0.3057078346796124`", "0.19415115892177917`"},
          {"0.30602942431283087`", "0.19413701220288235`", 
           "0.30569655128140444`", "0.19413701220288235`"},
          {"0.3060609333930972`", "0.1941244560572982`", 
           "0.3056901544923063`", "0.1941244560572982`"},
          {"0.306037733464277`", "0.19413925129835802`", 
           "0.30568376393900704`", "0.19413925129835802`"},
          {"0.30602090844145957`", "0.19415965776067395`", 
           "0.3056597760371926`", "0.19415965776067395`"},
          {"0.30600459451778944`", "0.19416284840376977`", 
           "0.30566970867467097`", "0.19416284840376977`"},
          {"0.30594298849036566`", "0.1941841470683418`", 
           "0.3056887173729507`", "0.1941841470683418`"},
          {"0.30587943760091557`", "0.19414423615476756`", 
           "0.30583209008954937`", "0.19414423615476756`"},
          {"0.3058161380420649`", "0.19410417607115077`", 
           "0.30597550981563354`", "0.19410417607115077`"},
          {"0.30575398358632777`", "0.19413923512717293`", 
           "0.3059675461593263`", "0.19413923512717293`"},
          {"0.305735315829489`", "0.1941492758687303`", "0.3059661324330505`",
            "0.1941492758687303`"},
          {"0.3057137726805251`", "0.1941708880226028`", 
           "0.30594445127426934`", "0.1941708880226028`"},
          {"0.30567967529124895`", "0.1941763380132824`", 
           "0.30596764868218623`", "0.1941763380132824`"},
          {"0.30570926814225796`", "0.1941436878291499`", 
           "0.30600335619944224`", "0.1941436878291499`"},
          {"0.30571047485866043`", "0.19413556559812736`", 
           "0.30601839394508484`", "0.19413556559812736`"},
          {"0.3057292543555395`", "0.1941384759280949`", 
           "0.3059937937882707`", "0.1941384759280949`"},
          {"0.30574158871983387`", "0.19412766062509448`", 
           "0.3060030900299771`", "0.19412766062509448`"},
          {"0.30571194550972225`", "0.19414465264553224`", 
           "0.3059987491992133`", "0.19414465264553224`"},
          {"0.30567542733325564`", "0.19418891606011943`", 
           "0.3059467405465055`", "0.19418891606011943`"},
          {"0.3057495243623561`", "0.19416609498070952`", 
           "0.30591828567622487`", "0.19416609498070952`"},
          {"0.305840648404899`", "0.19414567274388866`", 
           "0.30586800610732373`", "0.19414567274388866`"},
          {"0.3059329312013891`", "0.1941295853537414`", 
           "0.3058078980911282`", "0.1941295853537414`"},
          {"0.3060346579564778`", "0.19410854612256778`", 
           "0.30574824979838666`", "0.19410854612256778`"},
          {"0.30598413164501403`", "0.1941607830622801`", 
           "0.30569430223042576`", "0.1941607830622801`"},
          {"0.30596979190325846`", "0.19417525653677753`", 
           "0.3056796950231864`", "0.19417525653677753`"},
          {"0.3059812486713362`", "0.19415703858850067`", 
           "0.30570467415166247`", "0.19415703858850067`"},
          {"0.305979428939798`", "0.19416041847389123`", 
           "0.3056997341124195`", "0.19416041847389123`"},
          {"0.30595726074787316`", "0.19414467716354902`", 
           "0.30575338492502885`", "0.19414467716354902`"},
          {"0.30594673925884536`", "0.19412221781778052`", 
           "0.3058088251055936`", "0.19412221781778052`"},
          {"0.3059115072676604`", "0.19413220856294888`", 
           "0.30582407560644165`", "0.19413220856294888`"},
          {"0.3058915196340329`", "0.1941529364607124`", 
           "0.3058026074445424`", "0.1941529364607124`"},
          {"0.3059105804829092`", "0.19416224710624141`", 
           "0.305764925304608`", "0.19416224710624141`"},
          {"0.3058618656883929`", "0.19419012538452074`", 
           "0.3057578835425656`", "0.19419012538452074`"},
          {"0.30584727225053226`", "0.1941489214829172`", 
           "0.3058548847836333`", "0.1941489214829172`"},
          {"0.30583257203148667`", "0.19410776284983428`", 
           "0.3059519022688448`", "0.19410776284983428`"},
          {"0.3057825191504553`", "0.19413850591587006`", 
           "0.3059404690178046`", "0.19413850591587006`"},
          {"0.30573688847210073`", "0.19414173279364252`", 
           "0.30597964594061416`", "0.19414173279364252`"},
          {"0.3057138758536537`", "0.19416408228236237`", 
           "0.3059579595816216`", "0.19416408228236237`"},
          {"0.3057073334422613`", "0.1941767951412767`", 
           "0.3059390762751853`", "0.1941767951412767`"},
          {"0.3057693733446506`", "0.19415158938377003`", 
           "0.3059274478878093`", "0.19415158938377003`"},
          {"0.30582040226184604`", "0.19414360880693482`", 
           "0.3058923801242843`", "0.19414360880693482`"},
          {"0.3058687225046698`", "0.19413856582101696`", 
           "0.3058541458532963`", "0.19413856582101696`"},
          {"0.3059144942876938`", "0.1941196970536479`", 
           "0.30584611160501046`", "0.1941196970536479`"},
          {"0.30589171557306716`", "0.19413852815353008`", 
           "0.3058312281198726`", "0.19413852815353008`"},
          {"0.30584212000165806`", "0.1941881095855972`", 
           "0.30578166082714753`", "0.1941881095855972`"},
          {"0.3058284726675568`", "0.194168979912924`", "0.3058335675065952`",
            "0.194168979912924`"},
          {"0.30583827378343476`", "0.19415217868280496`", 
           "0.3058573688509553`", "0.19415217868280496`"},
          {"0.30586633082467424`", "0.19413371838706373`", 
           "0.30586623240119826`", "0.19413371838706373`"},
          {"0.3059222127585229`", "0.1941081479425157`", 
           "0.3058614913564457`", "0.1941081479425157`"},
          {"0.30587239208184`", "0.1941546283167733`", "0.30581835128461343`",
            "0.1941546283167733`"},
          {"0.30587481182929116`", "0.19416678538945784`", 
           "0.30579161739179306`", "0.19416678538945784`"},
          {"0.3058829120058965`", "0.19415659353029435`", 
           "0.3058039009335148`", "0.19415659353029435`"},
          {"0.30584679801031456`", "0.19416838682954302`", 
           "0.3058164283305993`", "0.19416838682954302`"},
          {"0.3058193683143042`", "0.19415268601880462`", 
           "0.30587525964808665`", "0.19415268601880462`"},
          {"0.3058081362287919`", "0.19412283696973925`", 
           "0.3059461898317296`", "0.19412283696973925`"},
          {"0.30579024368625746`", "0.1941261776450963`", "0.30595740102355`",
            "0.1941261776450963`"},
          {"0.3057592607258963`", "0.1941459494833176`", 
           "0.3059488403074685`", "0.1941459494833176`"},
          {"0.3057781888312049`", "0.1941604024208539`", 
           "0.30590100632708733`", "0.1941604024208539`"},
          {"0.305761963401864`", "0.19419290406568934`", 
           "0.30585222846675725`", "0.19419290406568934`"},
          {"0.30585487784790893`", "0.19415361340402756`", 
           "0.30583789534403594`", "0.19415361340402756`"},
          {"0.30594907778922265`", "0.19411428896665522`", 
           "0.3058223442774669`", "0.19411428896665522`"},
          {"0.30594743233990507`", "0.1941389342967692`", 
           "0.3057746990665565`", "0.1941389342967692`"},
          {"0.30592360605960844`", "0.19413488455055952`", 
           "0.30580662483927246`", "0.19413488455055952`"},
          {"0.3058974933022667`", "0.1941564457490238`", 
           "0.30578961519968567`", "0.1941564457490238`"},
          {"0.30588919060326053`", "0.19417441155328535`", 
           "0.3057619862901688`", "0.19417441155328535`"},
          {"0.30590967179013406`", "0.19415899641764336`", 
           "0.30577233537457915`", "0.19415899641764336`"},
          {"0.30593081683544876`", "0.19415242282280004`", 
           "0.30576433751895116`", "0.19415242282280004`"},
          {"0.3059417905123395`", "0.19413951083909176`", 
           "0.305779187809477`", "0.19413951083909176`"},
          {"0.30597721144634304`", "0.19411445641191885`", 
           "0.3057938757298193`", "0.19411445641191885`"},
          {"0.30595926976039517`", "0.1941327699676811`", 
           "0.3057751903042426`", "0.1941327699676811`"},
          {"0.3059112498936704`", "0.19418430824774482`", 
           "0.30572013361083994`", "0.19418430824774482`"},
          {"0.30585794577995934`", "0.19417034929252583`", 
           "0.30580135563498895`", "0.19417034929252583`"},
          {"0.30580683358611566`", "0.19415820242315224`", 
           "0.3058767615675798`", "0.19415820242315224`"},
          {"0.30576051047434033`", "0.19413898782550443`", 
           "0.30596151387465076`", "0.19413898782550443`"},
          {"0.3057344147678356`", "0.19411093757350067`", 
           "0.306043710085163`", "0.19411093757350067`"},
          {"0.30568438774316653`", "0.19414870450122895`", 
           "0.3060182032543756`", "0.19414870450122895`"},
          {"0.3056965141057522`", "0.19415668352910256`", 
           "0.3059901188360426`", "0.19415668352910256`"},
          {"0.30571058909971066`", "0.1941553590229835`", 
           "0.30597869285432244`", "0.1941553590229835`"},
          {"0.3056855992930002`", "0.19417443340329665`", 
           "0.30596553390040643`", "0.19417443340329665`"},
          {"0.30572655516695396`", "0.19416041698341738`", 
           "0.3059526108662113`", "0.19416041698341738`"},
          {"0.305788586015187`", "0.19412616269660912`", 
           "0.3059590885915948`", "0.19412616269660912`"},
          {"0.30583107481325794`", "0.19412161271240036`", 
           "0.30592569976194134`", "0.19412161271240036`"},
          {"0.30581166876755445`", "0.1941393411463525`", 
           "0.3059096489397406`", "0.1941393411463525`"},
          {"0.30579737682174796`", "0.19415753462624982`", 
           "0.3058875539257524`", "0.19415753462624982`"},
          {"0.3057810352178678`", "0.19419228152955836`", 
           "0.30583440172301546`", "0.19419228152955836`"},
          {"0.30590449710292283`", "0.19415781362206494`", 
           "0.30577987565294734`", "0.19415781362206494`"},
          {"0.3060274072516823`", "0.19412319216845234`", 
           "0.305726208411413`", "0.19412319216845234`"},
          {"0.30604304477406247`", "0.19414053239774345`", 
           "0.3056758904304506`", "0.19414053239774345`"},
          {"0.3060661196747039`", "0.194129316648616`", "0.3056752470280641`",
            "0.194129316648616`"},
          {"0.3060464809296775`", "0.19414858365662344`", 
           "0.3056563517570756`", "0.19414858365662344`"},
          {"0.3060268092149315`", "0.19416937742931023`", 
           "0.3056344359264482`", "0.19416937742931023`"},
          {"0.3059961218168472`", "0.19416536883188248`", 
           "0.3056731405193878`", "0.19416536883188248`"},
          {"0.30595915151854297`", "0.19416126166492403`", 
           "0.30571832515160907`", "0.19416126166492403`"},
          {"0.30590857199134447`", "0.19414118129082078`", 
           "0.305809065427014`", "0.19414118129082078`"},
          {"0.3058916355907753`", "0.1941122987083321`", 
           "0.3058837669925605`", "0.1941122987083321`"},
          {"0.3058556418428957`", "0.19412790664095517`", 
           "0.3058885448751939`", "0.19412790664095517`"},
